(Array([[[ 0.00630887,  0.00681729,  0.00627533,  0.00200239],
        [-0.00229316, -0.00291584,  0.00139544,  0.00324948],
        [-0.00912115,  0.00396451, -0.0096715 ,  0.00094147],
        ...,
        [ 0.00945607,  0.00643252, -0.00275879,  0.00601624],
        [ 0.00255309,  0.00494249,  0.00321521,  0.01189594],
        [-0.00937726, -0.00035689, -0.00744755,  0.00605491]],

       [[ 0.00268726, -0.00130276,  0.00992956, -0.00626926],
        [-0.00461228, -0.00347368, -0.00105638, -0.00134087],
        [ 0.00148419,  0.00970333, -0.00740122,  0.00689238],
        ...,
        [ 0.00585784, -0.00652041,  0.00520401, -0.01446181],
        [ 0.00903431, -0.00862911,  0.00360606, -0.01099235],
        [ 0.00039557, -0.00870089,  0.00412484, -0.01328928]],

       [[ 0.00645344, -0.00130553,  0.00556332, -0.00414638],
        [-0.00091746,  0.00730012,  0.00061382,  0.01018033],
        [-0.00965232, -0.00320826, -0.00903819, -0.00453679],
        ...,
        [ 0.00685244, -0.00067961, -0.00947333, -0.00132176],
        [ 0.00789383, -0.00558297,  0.00477214, -0.00563129],
        [ 0.00662642,  0.00106396,  0.00667012,  0.00373651]],

       ...,

       [[-0.00741511, -0.00207369, -0.00318047,  0.0036184 ],
        [-0.00227891, -0.0040859 , -0.0076145 , -0.0078266 ],
        [ 0.00336934,  0.0063488 , -0.00188973,  0.00750438],
        ...,
        [-0.00801296,  0.00325538, -0.00243748, -0.00654029],
        [ 0.00495645,  0.00833767,  0.00843129, -0.00469926],
        [ 0.00921982,  0.00139708, -0.0074968 ,  0.00382495]],

       [[ 0.00182233,  0.00767177, -0.00925254, -0.00777826],
        [ 0.00541533,  0.00568044, -0.00866131, -0.00945399],
        [ 0.0025286 , -0.00248976, -0.00524903, -0.00570645],
        ...,
        [ 0.00871811,  0.00458808,  0.00606301, -0.00232654],
        [ 0.00222403, -0.00654603,  0.00661424,  0.00111908],
        [-0.0054962 ,  0.0080662 ,  0.00418894, -0.00189825]],

       [[-0.00064274,  0.00373835, -0.00417391, -0.00885273],
        [-0.00570567,  0.00952223, -0.00205329,  0.00684866],
        [ 0.00945597,  0.00139749, -0.00752125, -0.00767534],
        ...,
        [ 0.00984629, -0.00074193, -0.00239311,  0.00132485],
        [ 0.0012007 , -0.00199348,  0.00283603, -0.00584144],
        [ 0.00157121,  0.00819253, -0.0015741 ,  0.00043761]]],      dtype=float32), Array([[[-3.62084596e-04],
        [ 9.84505168e-04],
        [-4.31312900e-03],
        [-2.82621040e-04],
        [ 1.83635770e-04],
        [-1.63229037e-04],
        [ 1.23916427e-03],
        [ 1.59200019e-04],
        [ 1.09907042e-03],
        [-1.68086716e-03]],

       [[ 5.15410444e-04],
        [-4.15237388e-04],
        [-2.82986672e-03],
        [-2.02950044e-03],
        [ 2.73539772e-04],
        [ 2.41448777e-03],
        [-2.99197342e-03],
        [ 8.25432537e-04],
        [ 2.64214189e-03],
        [ 6.15113357e-04]],

       [[ 1.17415690e-03],
        [-9.81544494e-04],
        [-2.95613287e-03],
        [ 1.43293536e-03],
        [-1.75826647e-03],
        [ 2.49781506e-03],
        [-2.18039239e-03],
        [-5.79614898e-05],
        [ 2.53549102e-03],
        [ 2.02482729e-03]],

       [[ 3.41944135e-04],
        [ 9.21014696e-04],
        [ 2.66581046e-04],
        [-1.60405674e-04],
        [ 1.33966398e-03],
        [ 3.77803430e-04],
        [ 6.53016730e-04],
        [ 2.76842341e-03],
        [-1.64576177e-03],
        [ 1.61815982e-03]],

       [[ 3.09556548e-04],
        [ 9.81022604e-04],
        [-1.94330642e-03],
        [-2.50394945e-03],
        [-2.62459181e-03],
        [ 3.04826489e-03],
        [ 2.27668090e-03],
        [-5.51044068e-04],
        [ 2.47113965e-03],
        [ 1.91406405e-03]],

       [[-1.18514674e-03],
        [-1.50219217e-04],
        [-1.86227480e-04],
        [ 3.27665446e-04],
        [-2.26106175e-04],
        [-3.64869513e-04],
        [-2.32262840e-03],
        [ 3.15026613e-03],
        [-1.69670326e-03],
        [-1.82453019e-03]],

       [[-8.64839181e-04],
        [-4.47364990e-04],
        [-5.34313323e-04],
        [-2.10573338e-03],
        [-1.94881437e-03],
        [ 1.20057361e-04],
        [-1.37887558e-03],
        [-3.61502473e-03],
        [ 1.47363800e-03],
        [-3.13026924e-03]],

       [[-8.33696104e-04],
        [-1.86762738e-03],
        [ 7.09217158e-04],
        [-3.12043563e-03],
        [ 9.07026406e-04],
        [-1.34491338e-03],
        [ 8.34154082e-04],
        [-3.06303869e-03],
        [ 2.73512069e-06],
        [ 1.21570250e-03]],

       [[-2.81081861e-03],
        [-2.11538305e-03],
        [-6.56069722e-04],
        [-2.05444568e-03],
        [-5.91400603e-04],
        [-7.66601472e-04],
        [-1.02684682e-03],
        [ 1.24395057e-03],
        [ 2.09663785e-03],
        [-1.82950986e-03]],

       [[-2.36302824e-03],
        [-1.40359125e-03],
        [-4.72527405e-04],
        [ 3.97784542e-03],
        [-3.62208142e-04],
        [-1.59367057e-03],
        [-8.66297225e-04],
        [ 1.76671857e-03],
        [-1.10407054e-04],
        [-8.68627685e-04]],

       [[ 1.21013192e-03],
        [ 6.05214445e-04],
        [-2.99555832e-03],
        [ 1.13806175e-03],
        [ 1.61452242e-03],
        [-9.28373309e-04],
        [-1.08990826e-04],
        [ 1.45090732e-03],
        [ 1.94878085e-03],
        [-1.48571050e-03]],

       [[ 7.54902954e-04],
        [-6.81785692e-04],
        [-7.28204905e-04],
        [-7.56318623e-04],
        [ 1.74132932e-03],
        [ 2.13512569e-03],
        [-1.22250174e-03],
        [ 2.41068032e-04],
        [ 1.41761568e-03],
        [-3.79408972e-04]],

       [[ 1.26961246e-03],
        [ 5.04479336e-04],
        [-2.93148076e-03],
        [ 1.28290162e-03],
        [ 2.12263723e-04],
        [ 1.88484066e-03],
        [-1.13420549e-03],
        [ 8.06507160e-05],
        [ 1.75930792e-03],
        [ 2.30037840e-03]],

       [[ 1.50100398e-03],
        [ 6.07756549e-04],
        [ 6.49692549e-04],
        [-9.27373709e-04],
        [ 2.40076246e-04],
        [-5.63903246e-04],
        [ 1.68009649e-03],
        [ 2.83660833e-03],
        [ 2.15346645e-05],
        [ 6.05091511e-04]],

       [[-3.77869728e-04],
        [-8.22373622e-05],
        [-1.62563112e-03],
        [-3.15472134e-03],
        [-1.27820205e-03],
        [ 1.63649349e-03],
        [ 2.63216882e-03],
        [-1.22722611e-03],
        [ 2.02405569e-03],
        [ 3.05402162e-03]],

       [[-1.83314341e-03],
        [-1.02767395e-03],
        [-1.13923266e-03],
        [ 2.37563116e-04],
        [ 5.88986033e-04],
        [ 1.42312888e-03],
        [-6.57233933e-04],
        [ 1.85092294e-03],
        [-1.66304514e-03],
        [-2.08783313e-03]],

       [[-8.34016071e-04],
        [ 1.93302258e-04],
        [ 6.20645995e-04],
        [-6.67139888e-04],
        [ 1.55236830e-05],
        [ 1.23402348e-03],
        [-1.79077825e-03],
        [-2.72307289e-03],
        [ 1.54742593e-04],
        [-2.29824847e-03]],

       [[-9.11581330e-04],
        [-2.05935282e-03],
        [ 1.81307131e-03],
        [-2.25020037e-03],
        [ 9.84001439e-04],
        [ 3.66673979e-04],
        [-5.09934966e-04],
        [-1.96987018e-03],
        [ 1.73222309e-03],
        [ 1.49937987e-03]],

       [[-1.06745283e-03],
        [-7.14249094e-04],
        [-6.97016658e-04],
        [-1.79011084e-03],
        [-8.83813540e-04],
        [-4.72949585e-04],
        [ 9.89598455e-04],
        [ 2.22816109e-03],
        [ 1.19369384e-03],
        [-7.68855170e-05]],

       [[-1.22659502e-03],
        [ 3.75664793e-04],
        [ 1.03486629e-04],
        [ 3.11456155e-03],
        [ 1.36258989e-03],
        [-1.23965857e-03],
        [ 5.31258585e-04],
        [ 1.74237182e-03],
        [-4.88024125e-05],
        [ 7.52824009e-04]],

       [[ 2.49269116e-03],
        [ 3.24254564e-04],
        [-1.95736601e-03],
        [ 2.29764846e-03],
        [ 2.86954269e-03],
        [-1.56161375e-03],
        [-1.22409919e-03],
        [ 2.52611982e-03],
        [ 2.71093915e-03],
        [-1.30785583e-03]],

       [[ 9.22227162e-04],
        [-9.07475711e-04],
        [ 9.86171653e-04],
        [ 3.08606162e-04],
        [ 3.04485415e-03],
        [ 1.95062044e-03],
        [ 2.33217928e-04],
        [-3.05379654e-04],
        [ 3.83094855e-04],
        [-1.25181605e-03]],

       [[ 1.33306941e-03],
        [ 1.75711547e-03],
        [-2.96012405e-03],
        [ 1.13639352e-03],
        [ 1.89106178e-03],
        [ 1.41117221e-03],
        [-2.96563143e-04],
        [ 1.77201422e-04],
        [ 1.11766579e-03],
        [ 2.55985442e-03]],

       [[ 2.44508521e-03],
        [ 3.34318727e-04],
        [ 9.38231940e-04],
        [-1.63741573e-03],
        [-7.35926791e-04],
        [-1.36454497e-03],
        [ 2.61602411e-03],
        [ 2.93227634e-03],
        [ 1.39545440e-03],
        [-2.48279015e-04]],

       [[-9.29737696e-04],
        [-1.00371789e-03],
        [-1.40914600e-03],
        [-3.77123663e-03],
        [-1.23045276e-04],
        [ 4.83633892e-04],
        [ 2.97558424e-03],
        [-1.85884337e-03],
        [ 1.70522463e-03],
        [ 4.08755802e-03]],

       [[-2.45034602e-03],
        [-1.77965302e-03],
        [-2.00354331e-03],
        [ 1.36757008e-04],
        [ 1.33336743e-03],
        [ 2.89936177e-03],
        [ 7.59974006e-04],
        [ 7.81235285e-04],
        [-1.65535719e-03],
        [-2.36829696e-03]],

       [[-8.42918293e-04],
        [ 7.76255096e-04],
        [ 1.55515526e-03],
        [ 5.02970477e-04],
        [ 1.68509874e-03],
        [ 2.22532079e-03],
        [-2.14729761e-03],
        [-2.02333112e-03],
        [-9.13253229e-04],
        [-1.66200998e-03]],

       [[-9.61054931e-04],
        [-2.28040316e-03],
        [ 2.79671606e-03],
        [-1.55838148e-03],
        [ 1.05698570e-03],
        [ 1.81072461e-03],
        [-1.59769692e-03],
        [-1.09537633e-03],
        [ 3.17581906e-03],
        [ 1.76442461e-03]],

       [[ 3.49094364e-04],
        [ 4.05077066e-04],
        [-7.71213265e-04],
        [-1.57684425e-03],
        [-1.19581691e-03],
        [-2.16379354e-04],
        [ 2.66130222e-03],
        [ 3.05756670e-03],
        [ 4.46177000e-04],
        [ 1.39337510e-03]],

       [[-3.27145914e-04],
        [ 1.91957119e-03],
        [ 5.40709472e-04],
        [ 2.45008687e-03],
        [ 2.82752118e-03],
        [-9.30702954e-04],
        [ 1.75657729e-03],
        [ 1.73586421e-03],
        [-3.05636895e-05],
        [ 2.12694798e-03]],

       [[ 3.60113219e-03],
        [ 1.08497792e-04],
        [-1.08800642e-03],
        [ 3.30235716e-03],
        [ 4.04712511e-03],
        [-2.11619469e-03],
        [-2.20806687e-03],
        [ 3.47923976e-03],
        [ 3.43858614e-03],
        [-1.13054295e-03]],

       [[ 1.03469286e-03],
        [-1.11038063e-03],
        [ 2.47549941e-03],
        [ 1.26287085e-03],
        [ 4.28180862e-03],
        [ 1.83021859e-03],
        [ 1.51103502e-03],
        [-8.52069934e-04],
        [-5.52846701e-04],
        [-2.07120436e-03]],

       [[ 1.37012382e-03],
        [ 2.88338307e-03],
        [-3.02824192e-03],
        [ 9.82460333e-04],
        [ 3.41711892e-03],
        [ 1.02208694e-03],
        [ 4.15315677e-04],
        [ 2.46947224e-04],
        [ 5.49177174e-04],
        [ 2.81526917e-03]],

       [[ 3.25801852e-03],
        [ 7.68586688e-05],
        [ 1.16228464e-03],
        [-2.33868719e-03],
        [-1.66582421e-03],
        [-2.09250418e-03],
        [ 3.52240121e-03],
        [ 3.05007980e-03],
        [ 2.60161189e-03],
        [-1.01564405e-03]],

       [[-1.40013150e-03],
        [-1.85628154e-03],
        [-1.25962927e-03],
        [-4.38612048e-03],
        [ 9.40617349e-04],
        [-5.22135233e-04],
        [ 3.32415593e-03],
        [-2.48895958e-03],
        [ 1.47393020e-03],
        [ 5.08340495e-03]],

       [[-3.07183643e-03],
        [-2.46849284e-03],
        [-2.84023304e-03],
        [ 2.43394697e-05],
        [ 2.05828110e-03],
        [ 4.19582846e-03],
        [ 2.05280213e-03],
        [-1.60249052e-04],
        [-1.66677416e-03],
        [-2.67539313e-03]],

       [[-8.84249574e-04],
        [ 1.34254561e-03],
        [ 2.35549314e-03],
        [ 1.51205878e-03],
        [ 3.19932145e-03],
        [ 3.16703087e-03],
        [-2.47213896e-03],
        [-1.43818674e-03],
        [-1.82929775e-03],
        [-1.14745542e-03]],

       [[-9.87461186e-04],
        [-2.53289496e-03],
        [ 3.73276207e-03],
        [-9.72412352e-04],
        [ 1.12868252e-03],
        [ 3.11308797e-03],
        [-2.52906373e-03],
        [-3.51208466e-04],
        [ 4.45627933e-03],
        [ 2.02896260e-03]],

       [[ 1.57621736e-03],
        [ 1.35540357e-03],
        [-8.74555553e-04],
        [-1.38889009e-03],
        [-1.53697853e-03],
        [ 2.70964993e-05],
        [ 4.13516443e-03],
        [ 3.79912579e-03],
        [-2.16896573e-04],
        [ 2.70856870e-03]],

       [[ 4.27722669e-04],
        [ 3.35289142e-03],
        [ 8.88874521e-04],
        [ 1.90824969e-03],
        [ 4.15252754e-03],
        [-6.38921629e-04],
        [ 2.90593598e-03],
        [ 1.74231513e-03],
        [-4.81798306e-05],
        [ 3.37058050e-03]],

       [[ 4.62059258e-03],
        [-6.58002100e-05],
        [-3.05588706e-04],
        [ 4.23075771e-03],
        [ 5.22347633e-03],
        [-2.63135927e-03],
        [-3.13732191e-03],
        [ 4.38087014e-03],
        [ 4.17300407e-03],
        [-9.39904654e-04]],

       [[ 1.10344251e-03],
        [-1.30399340e-03],
        [ 3.86069785e-03],
        [ 2.18056305e-03],
        [ 5.52832382e-03],
        [ 1.75185746e-03],
        [ 2.71281181e-03],
        [-1.43022626e-03],
        [-1.45991892e-03],
        [-2.89122364e-03]],

       [[ 1.38380355e-03],
        [ 3.96405160e-03],
        [-3.12622008e-03],
        [ 8.11621197e-04],
        [ 4.89594368e-03],
        [ 6.77023898e-04],
        [ 1.06263161e-03],
        [ 3.01002554e-04],
        [ 7.29233579e-06],
        [ 3.07592400e-03]],

       [[ 4.00124071e-03],
        [-1.83358206e-04],
        [ 1.34298240e-03],
        [-3.06996424e-03],
        [-2.61056749e-03],
        [-2.79981620e-03],
        [ 4.44774423e-03],
        [ 3.18643963e-03],
        [ 3.73388734e-03],
        [-1.75276550e-03]],

       [[-1.82897295e-03],
        [-2.69580749e-03],
        [-1.15236361e-03],
        [-5.02552232e-03],
        [ 1.98966730e-03],
        [-1.46472547e-03],
        [ 3.69192357e-03],
        [-3.15256743e-03],
        [ 1.30126032e-03],
        [ 6.09535025e-03]],

       [[-3.72624560e-03],
        [-3.14172939e-03],
        [-3.69760953e-03],
        [-1.00991543e-04],
        [ 2.80447584e-03],
        [ 5.41083142e-03],
        [ 3.31602455e-03],
        [-1.04995968e-03],
        [-1.69249880e-03],
        [-3.01799807e-03]],

       [[-9.53641662e-04],
        [ 1.92479836e-03],
        [ 3.08505539e-03],
        [ 2.43954547e-03],
        [ 4.66393540e-03],
        [ 4.11610585e-03],
        [-2.78276042e-03],
        [-9.09842725e-04],
        [-2.66628247e-03],
        [-7.00071163e-04]],

       [[-9.93847614e-04],
        [-2.81991134e-03],
        [ 4.67783865e-03],
        [-4.38248651e-04],
        [ 1.20110950e-03],
        [ 4.36917134e-03],
        [-3.37742246e-03],
        [ 3.28252296e-04],
        [ 5.66514581e-03],
        [ 2.30764924e-03]],

       [[ 2.71645375e-03],
        [ 2.22022040e-03],
        [-1.00509275e-03],
        [-1.20626763e-03],
        [-1.91646523e-03],
        [ 2.76495353e-04],
        [ 5.52073447e-03],
        [ 4.50266944e-03],
        [-8.49280448e-04],
        [ 3.96458572e-03]],

       [[ 1.10613031e-03],
        [ 4.77172993e-03],
        [ 1.18400657e-03],
        [ 1.43282011e-03],
        [ 5.42808929e-03],
        [-3.42267856e-04],
        [ 4.05395823e-03],
        [ 1.75823271e-03],
        [-9.73880742e-05],
        [ 4.57228161e-03]],

       [[ 5.61566325e-03],
        [-2.15920663e-04],
        [ 4.52522072e-04],
        [ 5.14279725e-03],
        [ 6.46047667e-03],
        [-3.13688326e-03],
        [-4.07132832e-03],
        [ 5.28572639e-03],
        [ 4.94792964e-03],
        [-7.23737176e-04]],

       [[ 1.13514613e-03],
        [-1.49874249e-03],
        [ 5.23502938e-03],
        [ 3.12031340e-03],
        [ 6.84672920e-03],
        [ 1.69944682e-03],
        [ 3.91778862e-03],
        [-2.06697150e-03],
        [-2.39360775e-03],
        [-3.75559297e-03]],

       [[ 1.37518579e-03],
        [ 5.06250188e-03],
        [-3.24737234e-03],
        [ 6.15115336e-04],
        [ 6.41099084e-03],
        [ 3.44929402e-04],
        [ 1.69205095e-03],
        [ 3.47668509e-04],
        [-5.44772542e-04],
        [ 3.34936311e-03]],

       [[ 4.72098915e-03],
        [-4.61836898e-04],
        [ 1.49521115e-03],
        [-3.86429741e-03],
        [-3.62066505e-03],
        [-3.52777122e-03],
        [ 5.43230306e-03],
        [ 3.33901821e-03],
        [ 4.86496836e-03],
        [-2.50356598e-03]],

       [[-2.24663294e-03],
        [-3.56710958e-03],
        [-1.06913922e-03],
        [-5.71158389e-03],
        [ 3.08618555e-03],
        [-2.40949006e-03],
        [ 4.09100763e-03],
        [-3.87981953e-03],
        [ 1.16647361e-03],
        [ 7.16764573e-03]],

       [[-4.43835510e-03],
        [-3.83719336e-03],
        [-4.61596856e-03],
        [-2.40929978e-04],
        [ 3.60616506e-03],
        [ 6.62009511e-03],
        [ 4.62546432e-03],
        [-1.94773905e-03],
        [-1.72917068e-03],
        [-3.40492930e-03]],

       [[-1.04888738e-03],
        [ 2.55038799e-03],
        [ 3.79173947e-03],
        [ 3.34594399e-03],
        [ 6.16248744e-03],
        [ 5.11917844e-03],
        [-3.09238140e-03],
        [-3.93757044e-04],
        [-3.47948726e-03],
        [-2.78575724e-04]],

       [[-9.81535646e-04],
        [-3.14545701e-03],
        [ 5.67835430e-03],
        [ 8.57640553e-05],
        [ 1.27581926e-03],
        [ 5.65431174e-03],
        [-4.19817306e-03],
        [ 9.93378228e-04],
        [ 6.87304884e-03],
        [ 2.61303177e-03]],

       [[ 3.84905329e-03],
        [ 3.06328107e-03],
        [-1.16252294e-03],
        [-1.01269933e-03],
        [-2.34355265e-03],
        [ 5.47740899e-04],
        [ 6.90255826e-03],
        [ 5.20654535e-03],
        [-1.49337586e-03],
        [ 5.23648364e-03]],

       [[ 1.75980292e-03],
        [ 6.25360524e-03],
        [ 1.45276054e-03],
        [ 9.81010729e-04],
        [ 6.72515994e-03],
        [-2.23455918e-05],
        [ 5.26132202e-03],
        [ 1.78107666e-03],
        [-1.76360467e-04],
        [ 5.80196828e-03]],

       [[ 6.63737906e-03],
        [-3.54745018e-04],
        [ 1.23639707e-03],
        [ 6.08621165e-03],
        [ 7.81137682e-03],
        [-3.65629792e-03],
        [-5.05867274e-03],
        [ 6.23828312e-03],
        [ 5.79260383e-03],
        [-4.70576953e-04]],

       [[ 1.13315007e-03],
        [-1.70307187e-03],
        [ 6.67385012e-03],
        [ 4.13105963e-03],
        [ 8.29117279e-03],
        [ 1.66094408e-03],
        [ 5.19069564e-03],
        [-2.78742961e-03],
        [-3.40055954e-03],
        [-4.70210612e-03]],

       [[ 1.34380488e-03],
        [ 6.23108586e-03],
        [-3.38703953e-03],
        [ 3.84331332e-04],
        [ 8.03185720e-03],
        [ 9.41761471e-07],
        [ 2.34072004e-03],
        [ 3.93375667e-04],
        [-1.13767362e-03],
        [ 3.64204939e-03]],

       [[ 5.45339333e-03],
        [-7.72222411e-04],
        [ 1.62950333e-03],
        [-4.75169951e-03],
        [-4.74061444e-03],
        [-4.31095436e-03],
        [ 6.51156483e-03],
        [ 3.50635895e-03],
        [ 6.05387893e-03],
        [-3.30449687e-03]],

       [[-2.67720595e-03],
        [-4.50819405e-03],
        [-9.96120158e-04],
        [-6.46425178e-03],
        [ 4.28326847e-03],
        [-3.40990839e-03],
        [ 4.53254813e-03],
        [-4.69840644e-03],
        [ 1.05444528e-03],
        [ 8.33894964e-03]],

       [[-5.23101119e-03],
        [-4.58668033e-03],
        [-5.63106174e-03],
        [-3.97553755e-04],
        [ 4.49392106e-03],
        [ 7.88469892e-03],
        [ 6.04526512e-03],
        [-2.90289894e-03],
        [-1.77442387e-03],
        [-3.84537526e-03]],

       [[-1.16942509e-03],
        [ 3.24375788e-03],
        [ 4.51318780e-03],
        [ 4.27935878e-03],
        [ 7.76455970e-03],
        [ 6.21675840e-03],
        [-3.41140991e-03],
        [ 1.46043836e-04],
        [-4.31257905e-03],
        [ 1.49599480e-04]],

       [[-9.50504560e-04],
        [-3.51446471e-03],
        [ 6.77467417e-03],
        [ 6.33264775e-04],
        [ 1.35405583e-03],
        [ 7.03122001e-03],
        [-5.03479829e-03],
        [ 1.68462505e-03],
        [ 8.13706964e-03],
        [ 2.95656268e-03]],

       [[ 5.03821857e-03],
        [ 3.93542973e-03],
        [-1.34786230e-03],
        [-7.94104300e-04],
        [-2.82805040e-03],
        [ 8.55027698e-04],
        [ 8.34898464e-03],
        [ 5.94161963e-03],
        [-2.18443573e-03],
        [ 6.58604875e-03]],

       [[ 2.42968998e-03],
        [ 7.86471460e-03],
        [ 1.71549211e-03],
        [ 5.18836139e-04],
        [ 8.10227916e-03],
        [ 3.37184465e-04],
        [ 6.58033835e-03],
        [ 1.80894660e-03],
        [-2.85158952e-04],
        [ 7.11781345e-03]],

       [[ 7.72824418e-03],
        [-4.92210966e-04],
        [ 2.08836119e-03],
        [ 7.10113952e-03],
        [ 9.32500884e-03],
        [-4.20919387e-03],
        [-6.14148704e-03],
        [ 7.27685587e-03],
        [ 6.73403451e-03],
        [-1.68988496e-04]],

       [[ 1.09825341e-03],
        [-1.92422071e-03],
        [ 8.24164134e-03],
        [ 5.25626773e-03],
        [ 9.91178490e-03],
        [ 1.62699237e-03],
        [ 6.58764876e-03],
        [-3.61632369e-03],
        [-4.52252524e-03],
        [-5.76558337e-03]],

       [[ 1.28790957e-03],
        [ 7.51573686e-03],
        [-3.54197016e-03],
        [ 1.10348163e-04],
        [ 9.82025918e-03],
        [-3.76001903e-04],
        [ 3.03986389e-03],
        [ 4.43350116e-04],
        [-1.79859879e-03],
        [ 3.95987136e-03]],

       [[ 6.22812333e-03],
        [-1.12732721e-03],
        [ 1.75336329e-03],
        [-5.76116983e-03],
        [-6.01220783e-03],
        [-5.18018799e-03],
        [ 7.71885039e-03],
        [ 3.68762086e-03],
        [ 7.35140732e-03],
        [-4.18771803e-03]],

       [[-3.14086443e-03],
        [-5.55338897e-03],
        [-9.22339619e-04],
        [-7.30264140e-03],
        [ 5.62931364e-03],
        [-4.51243808e-03],
        [ 5.02741989e-03],
        [-5.63536910e-03],
        [ 9.53869312e-04],
        [ 9.64522082e-03]],

       [[-6.12659752e-03],
        [-5.41862892e-03],
        [-6.77668396e-03],
        [-5.73354831e-04],
        [ 5.49683953e-03],
        [ 9.25678015e-03],
        [ 7.63321295e-03],
        [-3.95860057e-03],
        [-1.82657863e-03],
        [-4.34926664e-03]],

       [[-1.31599687e-03],
        [ 4.02816432e-03],
        [ 5.28053520e-03],
        [ 5.28015383e-03],
        [ 9.53177456e-03],
        [ 7.44635798e-03],
        [-3.74846067e-03],
        [ 7.40350399e-04],
        [-5.20191435e-03],
        [ 6.11551746e-04]],

       [[-8.99630541e-04],
        [-3.93284764e-03],
        [ 8.00420810e-03],
        [ 1.23303349e-03],
        [ 1.43686705e-03],
        [ 8.55540857e-03],
        [-5.92321204e-03],
        [ 2.43638060e-03],
        [ 9.50604770e-03],
        [ 3.34935635e-03]],

       [[ 6.33907830e-03],
        [ 4.87951189e-03],
        [-1.56324019e-03],
        [-5.37474989e-04],
        [-3.38066975e-03],
        [ 1.21185044e-03],
        [ 9.91852116e-03],
        [ 6.73417561e-03],
        [-2.95364205e-03],
        [ 8.06730147e-03]],

       [[ 3.14998534e-03],
        [ 9.66527686e-03],
        [ 1.98842562e-03],
        [ 1.77902657e-05],
        [ 9.61073861e-03],
        [ 7.51796470e-04],
        [ 8.05906113e-03],
        [ 1.84036186e-03],
        [-4.25386679e-04],
        [ 8.57128948e-03]],

       [[ 8.92587937e-03],
        [-6.36351469e-04],
        [ 3.04653007e-03],
        [ 8.22349172e-03],
        [ 1.10489773e-02],
        [-4.81290743e-03],
        [-7.35869864e-03],
        [ 8.43661278e-03],
        [ 7.79870711e-03],
        [ 1.93011001e-04]],

       [[ 1.02921319e-03],
        [-2.16879812e-03],
        [ 9.99718532e-03],
        [ 6.53708261e-03],
        [ 1.17578516e-02],
        [ 1.58994622e-03],
        [ 8.16048309e-03],
        [-4.57927166e-03],
        [-5.79931354e-03],
        [-6.98012253e-03]],

       [[ 1.20460300e-03],
        [ 8.95940140e-03],
        [-3.70986224e-03],
        [-2.16448971e-04],
        [ 1.18344966e-02],
        [-8.04919924e-04],
        [ 3.81742651e-03],
        [ 5.02099923e-04],
        [-2.55325506e-03],
        [ 4.30851430e-03]],

       [[ 7.07102846e-03],
        [-1.53990928e-03],
        [ 1.87219144e-03],
        [-6.92230230e-03],
        [-7.47707300e-03],
        [-6.16473518e-03],
        [ 9.08733904e-03],
        [ 3.88240814e-03],
        [ 8.80413596e-03],
        [-5.18346857e-03]],

       [[-3.65557685e-03],
        [-6.73569413e-03],
        [-8.38606269e-04],
        [-8.24609492e-03],
        [ 7.17126159e-03],
        [-5.76010114e-03],
        [ 5.58679225e-03],
        [-6.71853451e-03],
        [ 8.55980732e-04],
        [ 1.11219734e-02]],

       [[-7.14819366e-03],
        [-6.36013364e-03],
        [-8.08667857e-03],
        [-7.71275256e-04],
        [ 6.64423406e-03],
        [ 1.07837478e-02],
        [ 9.44473408e-03],
        [-5.15512750e-03],
        [-1.88441935e-03],
        [-4.92760632e-03]],

       [[-1.49043719e-03],
        [ 4.92702471e-03],
        [ 6.12113765e-03],
        [ 6.38436340e-03],
        [ 1.15222568e-02],
        [ 8.84486176e-03],
        [-4.11109161e-03],
        [ 1.41725317e-03],
        [-6.17967546e-03],
        [ 1.13127334e-03]],

       [[-8.26834235e-04],
        [-4.40758700e-03],
        [ 9.40378010e-03],
        [ 1.91132503e-03],
        [ 1.52518332e-03],
        [ 1.02792289e-02],
        [-6.89491676e-03],
        [ 3.27978772e-03],
        [ 1.10244760e-02],
        [ 3.80279380e-03]],

       [[ 7.80206826e-03],
        [ 5.93397394e-03],
        [-1.81178690e-03],
        [-2.30035308e-04],
        [-4.01336467e-03],
        [ 1.63180241e-03],
        [ 1.16645060e-02],
        [ 7.60803325e-03],
        [-3.83039936e-03],
        [ 9.73056350e-03]],

       [[ 3.95107269e-03],
        [ 1.17135635e-02],
        [ 2.28523347e-03],
        [-5.47601841e-04],
        [ 1.12984125e-02],
        [ 1.23703282e-03],
        [ 9.74442158e-03],
        [ 1.87410356e-03],
        [-5.99981053e-04],
        [ 1.02109117e-02]],

       [[ 1.02657508e-02],
        [-7.94046558e-04],
        [ 4.14746581e-03],
        [ 9.48747341e-03],
        [ 1.30321747e-02],
        [-5.48376516e-03],
        [-8.74852296e-03],
        [ 9.75186005e-03],
        [ 9.01396200e-03],
        [ 6.28450187e-04]],

       [[ 9.23048356e-04],
        [-2.44321604e-03],
        [ 1.19974809e-02],
        [ 8.01475532e-03],
        [ 1.38803311e-02],
        [ 1.54316099e-03],
        [ 9.96008329e-03],
        [-5.70385344e-03],
        [-7.27108913e-03],
        [-8.38088524e-03]],

       [[ 1.08990609e-03],
        [ 1.06046731e-02],
        [-3.88906128e-03],
        [-6.06718648e-04],
        [ 1.41328881e-02],
        [-1.30411040e-03],
        [ 4.70004929e-03],
        [ 5.73778641e-04],
        [-3.42740468e-03],
        [ 4.69376193e-03]],

       [[ 8.00609030e-03],
        [-2.02331855e-03],
        [ 1.98993529e-03],
        [-8.26659240e-03],
        [-9.17872228e-03],
        [-7.29401875e-03],
        [ 1.06516695e-02],
        [ 4.09063837e-03],
        [ 1.04574719e-02],
        [-6.32189587e-03]],

       [[-4.23839688e-03],
        [-8.08863062e-03],
        [-7.36710499e-04],
        [-9.31505859e-03],
        [ 8.95714294e-03],
        [-7.19523244e-03],
        [ 6.22260617e-03],
        [-7.97771383e-03],
        [ 7.53647997e-04],
        [ 1.28060253e-02]],

       [[-8.32054578e-03],
        [-7.43850414e-03],
        [-9.59655829e-03],
        [-9.94763337e-04],
        [ 7.96700269e-03],
        [ 1.25114378e-02],
        [ 1.15360217e-02],
        [-6.53239386e-03],
        [-1.94703892e-03],
        [-5.59278810e-03]],

       [[-1.69555400e-03],
        [ 5.96502563e-03],
        [ 7.06060557e-03],
        [ 7.62624759e-03],
        [ 1.37940859e-02],
        [ 1.04504190e-02],
        [-4.50635422e-03],
        [ 2.20405357e-03],
        [-7.27620674e-03],
        [ 1.73142040e-03]],

       [[-7.29146239e-04],
        [-4.94685117e-03],
        [ 1.10115064e-02],
        [ 2.69362959e-03],
        [ 1.61987857e-03],
        [ 1.22549990e-02],
        [-7.97934551e-03],
        [ 4.24487656e-03],
        [ 1.27354618e-02],
        [ 4.32902062e-03]],

       [[ 9.47627239e-03],
        [ 7.13555096e-03],
        [-2.09759222e-03],
        [ 1.41452008e-04],
        [-4.73966403e-03],
        [ 2.12922669e-03],
        [ 1.36386482e-02],
        [ 8.58614501e-03],
        [-4.84409882e-03],
        [ 1.16255796e-02]],

       [[ 4.86172689e-03],
        [ 1.40690655e-02],
        [ 2.61817710e-03],
        [-1.20159995e-03],
        [ 1.32127050e-02],
        [ 1.80925522e-03],
        [ 1.16846897e-02],
        [ 1.90909556e-03],
        [-8.13108927e-04],
        [ 1.20851379e-02]]], dtype=float32))